Level 1
0 5 10 -1 -1 -1 -1 -1 -1 -1 -1 -1 -1 -1 -1 -1 -1 -1 -1 -1 -1 -1 -1 -1 -1 -1 -1 
-1 -1 2 3 4 5 6 7 8 9 10 11 12 13 14 15 16 17 18 19 20 21 22 23 24 25 26 
Level 2
0 5 10 -1 -1 15 -1 -1 -1 -1 -1 -1 -1 -1 -1 -1 -1 -1 -1 -1 -1 -1 -1 -1 -1 -1 -1 
-1 -1 -1 3 4 5 6 7 8 9 10 11 12 13 14 15 16 17 18 19 20 21 22 23 24 25 26 
Level 3
0 5 10 -1 -1 15 -1 -1 20 -1 -1 -1 -1 -1 -1 -1 -1 -1 -1 -1 -1 -1 -1 -1 -1 -1 -1 
-1 -1 -1 3 4 -1 6 7 8 9 10 11 12 13 14 15 16 17 18 19 20 21 22 23 24 25 26 
Level 4
0 5 10 -1 -1 15 -1 25 20 -1 -1 -1 -1 -1 -1 -1 -1 -1 -1 -1 -1 -1 -1 -1 -1 -1 -1 
-1 -1 -1 3 4 -1 6 7 -1 9 10 11 12 13 14 15 16 17 18 19 20 21 22 23 24 25 26 
Level 5
0 5 10 -1 -1 15 30 25 20 -1 -1 -1 -1 -1 -1 -1 -1 -1 -1 -1 -1 -1 -1 -1 -1 -1 -1 
-1 -1 -1 3 4 -1 6 -1 -1 9 10 11 12 13 14 15 16 17 18 19 20 21 22 23 24 25 26 
Level 6
0 5 10 -1 -1 15 30 25 20 -1 -1 -1 -1 -1 -1 35 -1 -1 -1 -1 -1 -1 -1 -1 -1 -1 -1 
-1 -1 -1 3 4 -1 -1 -1 -1 9 10 11 12 13 14 15 16 17 18 19 20 21 22 23 24 25 26 
Level 7
0 5 10 -1 -1 15 30 25 20 -1 -1 -1 40 -1 -1 35 -1 -1 -1 -1 -1 -1 -1 -1 -1 -1 -1 
-1 -1 -1 3 4 -1 -1 -1 -1 9 10 11 12 13 14 -1 16 17 18 19 20 21 22 23 24 25 26 
Level 8
0 5 10 -1 -1 15 30 25 20 -1 -1 -1 40 45 -1 35 -1 -1 -1 -1 -1 -1 -1 -1 -1 -1 -1 
-1 -1 -1 3 4 -1 -1 -1 -1 9 10 11 -1 13 14 -1 16 17 18 19 20 21 22 23 24 25 26 
Level 9
0 5 10 -1 -1 15 30 25 20 -1 -1 -1 40 45 -1 35 -1 -1 -1 -1 -1 -1 50 -1 -1 -1 -1 
-1 -1 -1 3 4 -1 -1 -1 -1 9 10 11 -1 -1 14 -1 16 17 18 19 20 21 22 23 24 25 26 
Level 10
0 5 10 -1 -1 15 30 25 20 -1 -1 -1 40 45 -1 35 -1 -1 -1 -1 -1 -1 50 55 -1 55 -1 
-1 -1 -1 3 4 -1 -1 -1 -1 9 10 11 -1 -1 14 -1 16 17 18 19 20 21 -1 23 24 25 26 
Level 11
0 5 10 -1 -1 15 30 25 20 -1 -1 -1 40 45 -1 35 -1 -1 -1 -1 -1 -1 50 55 -1 55 60 
-1 -1 -1 3 4 -1 -1 -1 -1 9 10 11 -1 -1 14 -1 16 17 18 19 20 21 -1 -1 24 25 26 
Level 12
0 5 10 -1 -1 15 30 25 20 -1 -1 -1 40 45 -1 35 -1 -1 -1 -1 -1 -1 50 55 -1 55 60 
-1 -1 -1 3 4 -1 -1 -1 -1 9 10 11 -1 -1 14 -1 16 17 18 19 20 21 -1 -1 24 -1 26 
Level 13
0 5 10 -1 -1 15 30 25 20 -1 -1 -1 40 45 -1 35 -1 -1 -1 -1 -1 -1 50 55 -1 55 60 
-1 -1 -1 3 4 -1 -1 -1 -1 9 10 11 -1 -1 14 -1 16 17 18 19 20 21 -1 -1 24 -1 -1 
Level 14
0 5 10 -1 -1 15 30 25 20 -1 -1 -1 40 45 -1 35 -1 -1 -1 -1 -1 -1 50 55 -1 55 60 
-1 -1 -1 3 4 -1 -1 -1 -1 9 10 11 -1 -1 14 -1 16 17 18 19 20 21 -1 -1 24 -1 -1 
Level 15
0 5 10 -1 -1 15 30 25 20 -1 -1 -1 40 45 -1 35 -1 -1 -1 -1 -1 -1 50 55 -1 55 60 
-1 -1 -1 3 4 -1 -1 -1 -1 9 10 11 -1 -1 14 -1 16 17 18 19 20 21 -1 -1 24 -1 -1 
Level 16
0 5 10 -1 -1 15 30 25 20 -1 -1 -1 40 45 -1 35 -1 -1 -1 -1 -1 -1 50 55 -1 55 60 
-1 -1 -1 3 4 -1 -1 -1 -1 9 10 11 -1 -1 14 -1 16 17 18 19 20 21 -1 -1 24 -1 -1 
Level 17
0 5 10 -1 -1 15 30 25 20 -1 -1 -1 40 45 -1 35 -1 -1 -1 -1 -1 -1 50 55 -1 55 60 
-1 -1 -1 3 4 -1 -1 -1 -1 9 10 11 -1 -1 14 -1 16 17 18 19 20 21 -1 -1 24 -1 -1 
Level 18
0 5 10 -1 -1 15 30 25 20 -1 -1 -1 40 45 -1 35 -1 -1 -1 -1 -1 -1 50 55 -1 55 60 
-1 -1 -1 3 4 -1 -1 -1 -1 9 10 11 -1 -1 14 -1 16 17 18 19 20 21 -1 -1 24 -1 -1 
Level 19
0 5 10 -1 -1 15 30 25 20 -1 -1 -1 40 45 -1 35 -1 -1 -1 -1 -1 -1 50 55 -1 55 60 
-1 -1 -1 3 4 -1 -1 -1 -1 9 10 11 -1 -1 14 -1 16 17 18 19 20 21 -1 -1 24 -1 -1 
Level 20
0 5 10 -1 -1 15 30 25 20 -1 -1 -1 40 45 -1 35 -1 -1 -1 -1 -1 -1 50 55 -1 55 60 
-1 -1 -1 3 4 -1 -1 -1 -1 9 10 11 -1 -1 14 -1 16 17 18 19 20 21 -1 -1 24 -1 -1 
Level 21
0 5 10 -1 -1 15 30 25 20 -1 -1 -1 40 45 -1 35 -1 -1 -1 -1 -1 -1 50 55 -1 55 60 
-1 -1 -1 3 4 -1 -1 -1 -1 9 10 11 -1 -1 14 -1 16 17 18 19 20 21 -1 -1 24 -1 -1 
Level 22
0 5 10 -1 -1 15 30 25 20 -1 -1 -1 40 45 -1 35 -1 -1 -1 -1 -1 -1 50 55 -1 55 60 
-1 -1 -1 3 4 -1 -1 -1 -1 9 10 11 -1 -1 14 -1 16 17 18 19 20 21 -1 -1 24 -1 -1 
Level 23
0 5 10 -1 -1 15 30 25 20 -1 -1 -1 40 45 -1 35 -1 -1 -1 -1 -1 -1 50 55 -1 55 60 
-1 -1 -1 3 4 -1 -1 -1 -1 9 10 11 -1 -1 14 -1 16 17 18 19 20 21 -1 -1 24 -1 -1 
Level 24
0 5 10 -1 -1 15 30 25 20 -1 -1 -1 40 45 -1 35 -1 -1 -1 -1 -1 -1 50 55 -1 55 60 
-1 -1 -1 3 4 -1 -1 -1 -1 9 10 11 -1 -1 14 -1 16 17 18 19 20 21 -1 -1 24 -1 -1 
Level 25
0 5 10 -1 -1 15 30 25 20 -1 -1 -1 40 45 -1 35 -1 -1 -1 -1 -1 -1 50 55 -1 55 60 
-1 -1 -1 3 4 -1 -1 -1 -1 9 10 11 -1 -1 14 -1 16 17 18 19 20 21 -1 -1 24 -1 -1 
Level 26
0 5 10 -1 -1 15 30 25 20 -1 -1 -1 40 45 -1 35 -1 -1 -1 -1 -1 -1 50 55 -1 55 60 
-1 -1 -1 3 4 -1 -1 -1 -1 9 10 11 -1 -1 14 -1 16 17 18 19 20 21 -1 -1 24 -1 -1 

The Shortest Time for the Prince to arive at 2 is: 60
